-9995.285700958699, 5.23811004588201, 5.23811004588201, 5.820122273202237, 
-9994.761889954108, 5.820122273202237, 5.23811004588201, 6.466802525780269, 
-9994.17987772679, 6.466802525780269, 5.820122273202237, 7.185336139755858, 
-9993.533197474211, 7.185336139755858, 6.466802525780269, 7.983706821950957, 
-9992.814663860237, 7.983706821950957, 7.185336139755858, 8.870785357723289, 
7.983706785590668, 8.870785357723289, 7.983706821950957, 9.856428175248109, 
8.870785347454078, 9.856428175248109, 8.870785357723289, 10.951586861386797, 
12.168429826661997, 10.951586861386797, 9.856428175248109, 12.16842984598534, 
13.520477606650385, 12.16842984598534, 10.951586861386797, 13.520477606650385, 
15.022752896278213, 13.044232082672345, 12.02271344066315, 14.750982642200643, 
16.691947662531355, 12.913211461595209, 10.428979667777249, 9.085237749864241, 
17.97440300196371, 0.0077368139153387375, 0.007726491639097603, 0.8850939074687584, 
15.936445718467034, 0.007942630842694805, 0.007866299490220155, 1.5959812944981344, 
21.416198436459094, 1.081335244658849, 0.007985897100480427, 0.007977361588945827, 
3.3869343371679457, 0.007869284211759794, 0.008054719123007299, 0.00805600041620199, 
3.019992608793809, 5.23811004588201, -8900.968443265825, -7935.569483667073, 
2.7519706686134664, 5.820122273202237, -8142.0498160254, -7169.482100856376, 
2.069162407008342, 6.466802525780269, -8493.610625707192, -7705.484189389337, 
2.017838222116043, 7.185336139755858, -7934.958430468904, -7167.9408389711025, 
-5214.332242713931, 7.983706821950957, -6854.951433718033, -3453.020639948578, 
-4091.874156549353, 8.870785357723289, -8139.482290717937, -3422.9373030752854, 
-7174.357645252906, 9.856428175248109, -2758.222849706369, -2439.4834813021735, 
-2949.995223165343, 10.951586861386797, -2126.7808129012915, 13.520477606650385, 
12.168429845753998, 12.16842984598534, 12.168429843085017, 15.022752896278213, 
16.691947661993932, 13.520477606650385, 13.520477606650385, 16.691947662531355, 
18.546608513923744, 15.022752896278213, 15.022752896278213, 18.546608513923744, 
15.371253144612954, 12.956821857423023, 13.600369856497915, 20.60734279324862, 
21.253847777652616, 7.72215075355002, 15.44586685928045, 22.89704754805404, 
25.441163942282287, 15.19645249436056, 18.106478125476542, 15.879484501217934, 
0.008105317716027335, 0.15591014325788782, 21.593150495063522, 2.922868117232203, 
0.06376790424368332, -9613.703626662884, 0.06430494029168014, 0.06408749699656831, 
0.06442982964028775, -9523.672443245629, 0.0641868968925089, 0.06396210780140499, 
0.06511296402969939, -9923.466327762897, 0.0647994267989771, 0.0645759514463226, 
0.06447011704274182, -9650.066622137167, 0.06514036523755101, -8648.759349377935, 
0.18953006239267767, -8139.3290445476305, 0.198772122472217, -999.2375058602875, 
0.23969826450264764, -8682.901700215578, -1899.2730492246724, -2709.297412758346, 
0.20735303159378823, -8639.872682126057, -1899.2574499142338, -7595.777973087607, 
-2707.2701078320297, -753.2156140175244, -2707.3705727846896, -2695.542688499985, 
-6609.823621245596, 13.520477606650385, -3218.7470174964574, -833.7347677413686, 
-1991.0042475384816, 15.022752896278213, -1369.7044469921266, 18.546608513923744, 
20.60734279324862, 16.691947662531355, 16.691947657619636, 20.60734279324862, 
22.89704754805404, 18.53354785113004, 18.545039389001904, 22.89563563891339, 
25.241382062883787, 19.88939099810016, 20.4220725139393, 25.441163942282287, 
28.26795993586923, 22.894619103609017, 22.884108296141132, 22.85281264404376, 
8.75456008710771, 0.2850698236743204, 25.436139579565644, 2.6883986975491485, 
0.06441659554734681, 0.0638927101039722, 0.06451708196332825, 0.06395046775266336, 
0.06454432422260553, 0.0639071313181716, 0.06445837409361796, 0.0642021854006143, 
0.06433008721855552, 0.06450990210994066, 0.06410110788249607, 0.06466670857320594, 
0.0640107396061881, 0.06439458052830055, 0.06425748243920025, 0.06424262624348483, 
0.06399559687383038, -9113.33381482388, 0.06332897597352126, 0.06351348516677231, 
0.0637358247565518, -8146.481690623453, 0.06327396489484152, 0.06384830339772365, 
-5976.182252449151, -5694.794661414958, 0.06340763689812776, -4094.713904353579, 
-5223.832457731709, -4674.8944269209915, 0.5328604808841675, -2078.8874123472715, 
-7491.929344461541, -5112.043693737546, -5216.152442671153, -1451.8411824194193, 
-7437.526829413722, -712.3080523374687, -6524.794621599557, 20.60734279324862, 
22.89704754805404, 18.546608513923744, 18.54660839805676, 22.89704754805404, 
25.441163942282287, 20.60734279324862, 20.60734279324862, 25.441163942282287, 
28.26795993586923, 22.89704754805404, 22.89704754805404, 28.26795993586923, 
31.408844373188046, 25.441163942282287, 25.441163942282287, 25.441163942282287, 
23.015963193179726, 9.674943048477747, 28.26795993586923, 20.096187253202892, 
0.06413672393736884, 0.06388499729393764, 0.06444544499395295, 0.06406592976557832, 
-1302.2223472896083, 0.06453364691677636, 0.06394108592275599, 0.06423097729890838, 
-632.3756219262177, 0.06420586098444916, 0.06390707379493638, 0.06447040961081155, 
-447.79137034721293, 0.0643232512032448, 0.06401934523945764, 0.064377628773217, 
-949.1118521837654, 0.06380918429838849, 0.06428533620090265, 0.0640619925302719, 
-2175.8365872079175, 0.06419721217837768, 0.06379382319909596, -514.6324710359183, 
-1678.2866750193166, 0.4130450302845142, 0.39270030992110905, -1441.9446289144619, 
-7785.52106936001, -1125.142302483783, -254.43918975249144, -1256.6088925481681, 
-8954.928286991279, -3197.2429899172366, -1535.436054488651, -4074.4926572068052, 
-8742.192711504364, -2476.7431459899763, -3539.226245783959, 22.89704754805404, 
25.441163942282287, 20.60734279324862, -9979.392657206743, 25.441163942282287, 
28.26795993586923, 22.89704754805404, 22.89704754805404, 28.26795993586923, 
31.408844373188046, 25.441163942282287, 25.441163942282287, 31.408844373188046, 
34.898715970208954, 28.26795993586923, 28.26795993586923, 28.26795993586923, 
30.844555527878278, 24.324059647748125, 31.408844373188046, 25.911852955959436, 
0.045066251870874235, 0.06405381305064922, 0.06419196902753477, -531.1422896475499, 
-999.994568690126, 0.3353331056788143, 0.030893511475869526, 0.00546738698030422, 
0.005529499839957871, 0.3191638456527717, 0.0055439086962143285, 0.005531004638612435, 
-999.9943694152803, 0.2159603991671316, -3.4448997403966795, -0.22037387545892279, 
0.005608170138518187, 0.3701629755627974, -50.73311606847075, -45.945899134602705, 
-2019.1695139503945, 0.5411525616272409, -642.1293304818881, -1906.1498088940439, 
-3596.0280411869217, -2787.26647939338, -6536.054326624737, -4898.925614267489, 
-4860.516503865251, -977.6827794473079, -5155.276036525908, -4610.524719429112, 
-8305.318052160152, -2228.1957814428915, -5549.675073747068, -3416.102952469928, 
-6472.042652409006, -5994.868954081414, -10393.12554380308, 25.441163942282287, 
28.26795993586713, 22.897047548053862, -9977.102952255747, 28.26795993586923, 
31.408844373188046, 25.441163942282287, 25.441163942282287, 31.408844373188046, 
34.898715970208954, 28.26795993586923, 28.26795993586923, 34.898715970208954, 
38.77635107800998, 31.408844373188046, 31.408844373188046, 38.77635107599766, 
43.08483453107134, 22.345014474832322, -528.6971084386225, -197.98092500452753, 
0.005528541923811478, 0.13764326030944646, 0.005528012123519209, 0.0054967928399954555, 
0.005483087196016157, 0.005509971324264987, 0.015014160359001046, 0.005516182595958838, 
0.0055041646840849195, -999.8146366938265, -999.9945069008023, 0.005507981272471797, 
0.005473955441271426, 0.035669167907529165, -999.9913883814139, 0.005400874865899443, 
0.005492176518211739, -999.8046451102907, 0.005457734951923726, -29.269160615865374, 
-2185.033160462468, -899.7218011167234, -999.8380504690705, -4708.157577202084, 
-2610.923547857782, -2821.8412945695263, -3054.7215902050593, -2353.3878841313576, 
-2360.8166743045676, -2799.2867467868155, -2198.518133162549, -2802.084980770522, 
-3719.4997987752567, -3392.1980358599244, -3661.465777857762, -4584.193755742141, 
-8635.1351295743, -7402.6507971324745, -9976.256537482219, -292.2845834801117, 
-786.1212807714295, -90.0347962812931, -2338.5886865670436, 31.408844373188046, 
34.898715970208954, 28.26795993586923, 28.26795993586923, 34.898715970208954, 
38.77635107800998, 31.408844373188046, 31.408844373188046, 38.77635107800998, 
43.08483453112224, 34.898715970208954, 34.898715970208954, 43.084834530981226, 
47.87203836791363, 31.913895669565726, 38.77635107800998, 41.07321221406806, 
0.005486782656943496, 0.005479000853205888, 0.005530136667627412, 0.005511003878246094, 
0.005534903171289678, 0.005527939291028476, 0.00548313828643, 0.005505880557460863, 
0.005534068599157827, 0.005496873581796713, -999.9945195690032, 0.0054788918505785, 
0.0054008016035761615, -999.9946179962011, 0.005405936253812355, 0.005421932543993016, 
-0.17341785444172336, -999.9933507794605, 0.00539413039457768, -1095.189850285085, 
-1986.9573383048382, -796.5502356408241, 0.10780661126780643, -999.5147585999545, 
-9990.143575823293, -1060.2056376348066, -1899.6484839215736, -1394.75887319518, 
-9063.181839551595, -2386.0686723877875, -4785.708115419877, -5503.165696945678, 
-3922.093788775089, -3702.333446814286, -3896.8859773995696, -3966.1562078020443, 
-7286.855883706656, -7779.520438662019, -7558.161822076804, -509.9073809567079, 
34.89871597019759, -2002.4271500641303, -2611.013713963229, -170.99241612455018, 
38.77635107800998, 31.408844373188046, 31.40884437208584, 38.77635107800998, 
43.08483453112224, 34.898715970208954, 34.898715970208954, 43.08483453112224, 
47.87203836791363, 38.77635107800998, 38.77635107800998, 47.87203836791354, 
53.19115374212629, 41.19462208327283, 43.08483453112224, 46.51272618453608, 
0.005430100376599321, 0.005490547048814752, -22.5486070922416, -3.6879722102207753, 
0.0055665579495437646, -999.9944399540001, 0.0055846166671100275, 0.005574902314049011, 
0.0055396086538263235, 0.005593024888086118, 0.005600201536219496, 0.0055596830786066535, 
-999.9947088358101, 0.005269829917738088, -162.31854622236438, -26.668942093506214, 
0.0755481530268302, 0.07224913650868554, -4250.724874108049, -4173.664472878302, 
-377.00139614543684, -998.2217773098346, -8886.472550194772, -8886.737283680173, 
-38.15888523481762, -101.23565186930593, -6509.211627539982, -9927.550371557643, 
-1892.4141238084158, -1901.5679434892381, -9951.591982781176, -8021.061643479934, 
-228.11033787811894, -3818.8043866595876, -9795.326362565027, -9933.490173125929, 
22.197474601139334, -2972.685102706515, -5985.182025847578, -3415.680915074695, 
38.77635107800998, -277.49516740370166, -1208.3286300038117, -320.03598579129897, 
43.08483453112224, 34.8987159702003, 34.898715969838385, 43.08483453112224, 
47.87203836791363, 38.77635107800998, 38.77635107800998, 47.87203836791363, 
53.19115374212629, 43.08483453112224, 43.08483453112224, 53.19115374212629, 
59.10128193569591, 47.49608141805913, 47.87203836791363, 52.9701592641073, 
0.005295247184675396, -0.027031780333213584, 0.005290987429490448, 0.0052599989865077905, 
0.005405442607508076, 0.00539038623690581, 0.005424445978403025, 0.005415566921680255, 
0.00541007291481024, 0.0054479314573441144, 0.005413372377916021, 0.005421380108838111, 
0.005316973378530964, 0.005306671751277704, 0.00533477897782628, -1000.0931147482559, 
-164.72574705712387, -0.9725070431791873, -1899.9947227149553, -360.0848793976023, 
-2002.68530874801, -6658.777889364137, -998.1978656877253, -362.28995428117105, 
-5920.241095752533, -4793.275832460449, -619.6920689681682, -15.910221823481045, 
-5024.968566776465, -4628.09116974836, -15.994191856993492, -486.97881430049836, 
-8984.86637165953, -3016.4126689779696, -395.25446561794627, 0.9637729457008234, 
0.018847124104939095, 0.018758776129660235, 0.10341633893328792, 37.578600828818345, 
27.04288919558598, 30.655829510180837, 25.349526498380683, 43.08483453112224, 
47.87203836791363, 38.77635107800998, 38.77635107800785, 47.87203836791363, 
53.19115374212629, 43.08483453112224, 43.08483453112224, 53.19115374212629, 
59.10128193569591, 47.87203836791363, 47.87203836791363, 59.10128193569591, 
65.66809103966216, 53.15461403442926, 53.19115374212629, 59.01384466303818, 
0.005261605804079687, 0.005308377646932646, 0.005271554385606126, 0.005276440197292965, 
0.0054275823575067675, 0.005383131080398183, 0.005398061516747272, 0.005410263393508579, 
0.005408161637001885, 0.0053861256008908105, 0.0054209547026713364, 0.00541826476740038, 
0.005389993531339924, -1899.994697018118, 0.00540741285603139, -20.86716777028254, 
-876.8546914871608, -999.741367435524, 0.3841431473488746, -2112.708056032922, 
-3119.083453504363, -1884.1767855135881, -726.2231693202705, -1957.2682986813047, 
-6577.693089976653, -1151.8962750840685, -2050.7158707400686, -2635.0879006486985, 
-8990.145645564897, -615.8641308617377, -1076.5998331859744, -2700.2803838349055, 
-7254.764479251006, -872.5323896710925, -807.4148019748457, 1.0943349946862218, 
-9000.628236361294, 0.019568690571958754, -8473.835289923612, 14.679231031825507, 
-4315.38951546442, 38.776348810626736, -211.99253759815886, -351.509303687547, 
43.08448729485975, 43.084834439785844, 34.898637801642, 53.19115374212629, 
59.101281930238464, 47.87203836791363, 47.87203836791363, 59.10128193569591, 
65.66809103966216, 53.19115374212629, 53.19115374212629, 65.66809103966216, 
72.9645455996247, 59.10028128660743, 59.10128193569591, 65.66676725440605, 
0.005155822998033613, 0.0051622362224634025, 0.005107101642573502, -8.536712961420895, 
0.005557055701299007, 0.0055292093863302475, 0.005589479688835258, 0.005546749605776741, 
0.005392832919886583, 0.0054156180074923805, 0.005409562822918382, 0.005418609915883224, 
0.005375703282776725, 0.005362106620273846, 0.005399066042966888, -3.089262113635962, 
0.2247067178068602, -574.4984626444649, 0.21548730606754302, -3428.4187794382615, 
-974.1731778167259, -185.71919366248744, -1874.5588360577176, -4475.44209988268, 
-297.90312406948397, -2122.4502270313687, -9523.897154737593, -9745.252758591263, 
-8976.45274673838, -989.1524752647438, -9878.36142365666, -9759.37555058401, 
-956.9151654688777, -989.8487013859162, -8873.063052146235, -7780.27238439909, 
-952.1279616320863, 5.25124873489462, -5200.9322126726465, -2639.907507838298, 
-946.8088462578739, 21.13674870098744, -5132.649072914503, -6201.431692684689, 
-5636.226618064305, 47.87203824495684, -159.77607666309936, -1060.6588406386456, 
65.66809103966216, 53.19115374212629, -1228.4852506952018, 65.66809103966216, 
72.9645455996247, 59.10128193569591, 59.10128193379304, 72.9645455996247, 
81.07171733291639, 65.66808155247541, 65.66803809566342, 72.9643295701271, 
0.005186898304294409, 0.005169301684828682, 0.005186865612240519, 0.005176855661689126, 
0.005212072289359401, -0.017625233710761298, 0.005204389613188404, 0.005195637126720495, 
0.005324027736708818, 0.005293019288065681, 0.005290649493647391, 0.005277120199922833, 
0.005315549877088932, 0.005295504881222157, 0.005305114148422331, -999.9947118538032, 
0.005332598079371143, -188.9163826747557, 0.005245411239202757, -9792.735112465249, 
-2679.658773050576, -3513.242628645876, 1.294740164886011, -5196.383377386914, 
-48.97105814199664, -4996.9240139769145, -971.1815764057152, -4621.250094312634, 
-1596.414613812237, -6540.862689854399, -3116.9850362703064, -2668.175009172351, 
46.76621508601891, -998.7946701833537, -68.97628515479714, -852.1279616320863, 
45.96741327735209, 40.657340080806804, 42.15594297433068, -946.8088462578737, 
-940.898718064306, 42.79675050734951, 47.87203836791363, -940.8987180643041, 
-934.3319089603378, -948.4187133225133, -1846.8088462578742, 65.66809103966216, 
72.9645455996247, -847.6337201436706, -9793.08988864996, 72.9645455996247, 
81.07171733291639, 65.66809103966216, 65.66809103966216, 81.07171733291639, 
90.07968592546271, 72.9645455996247, 72.9645455996247, 81.07171733291639, 
0.0051569694691609045, 0.005167377058857545, 0.005177228180918095, 0.005214744075833671, 
0.005231129809109169, 0.005250261302563772, 0.005198154253511537, 0.005242250715118493, 
0.0052856248449634725, 0.005287952624730746, 0.005287544805895208, 0.005279746711779756, 
0.005324851877701135, 0.005281360603569702, 0.005306490958962807, 0.005322060224463301, 
0.0053217135667295, 0.005325738907648974, 0.0053375041963825655, -9993.512240828186, 
0.2597805242078829, -2684.2960282753306, 0.26734882925527864, -2671.960399592472, 
-956.9151654688777, -2630.170384158438, -967.5810209970631, -956.9151654688777, 
47.87203836791363, -2447.6865188263914, 28.935457483866244, 45.72067513928357, 
53.19115374212629, -2377.6884564958414, 40.38367864694196, 49.74620576585603, 
-95.99255507755949, -2447.417716135986, -84.3428075638063, 59.10128193569591, 
65.60776143940775, 53.19115374212629, 34.6254366147504, -934.3319089603378, 
72.9645455996247, -1840.8987180643041, -940.9047510243297, 72.9645455996247, 
81.07171733291639, 65.66809103966216, -8583.480191287344, 81.07171733291639, 
90.07968592546271, 72.9645455996247, 72.9645455996247, 90.07968592546271, 
100.08853991718087, 81.07171733291639, 81.07171733291639, 90.07968592546271, 
0.005180653170306973, 0.00516368379201409, 0.005167078404066886, 0.005195248021598329, 
0.0052178369978027415, 0.0052045444524939696, 0.00523179934408078, 0.005256555415705493, 
0.005295002418863856, 0.005263825716169165, 0.005272898967150464, 0.005298415091554576, 
0.005308320285253478, 0.005302184100698938, 0.005292352537091936, 0.005328394311291392, 
0.00532377341429579, 0.005333859450303654, 0.005299735168512426, 0.00531265068493665, 
0.005320281318380652, -9849.8161107058, 0.00529258476386007, -9878.36349335609, 
43.08483453112224, 38.77635107800998, 25.083598359589892, 47.87203836791363, 
47.87203836791363, 43.08483453112224, -956.9151654688777, 53.19115374212629, 
53.19115374212629, 47.87203836791363, 47.87203836791363, 59.10128193569591, 
59.10128193569591, 53.19115374212629, 53.19115374212629, 65.66809103966216, 
65.66809103966216, 59.10128193569591, 59.10128193569591, 72.9645455996247, 
72.9645455996247, -3373.331908960338, 65.66809103966216, 81.07171733291639, 
81.07171733291639, 72.9645455996247, 72.9645455996247, 90.07968592546271, 
90.07968592546271, 81.07171733291639, 81.07171733291639, 100.08853991718087, 
0.09837768575660258, 0.03942564086265493, 0.036616581788607765, 0.06389218257987918, 
