-9968.186753603237, -10402.635403140177, -10433.228029127466, -9965.451565760293, 
7.981281384702646, -9929.240334307608, -18810.341950326874, -9954.480812320588, 
8.868090427447388, -9977.475770303176, -9968.185345006797, -9949.431844756176, 
9.853433808274882, -9944.78996352131, -9928.448100777092, -9965.531483903229, 
10.948259786972102, -9972.198307265468, -9912.657429404771, -9982.794730098889, 
12.164733096635679, -9966.892147563864, -9967.988170788822, -9917.248824559701, 
13.516370107372985, -9930.648141845324, -9841.425473978838, -9956.09674147915, 
15.018189008192213, -9866.92030227412, -9900.672830010031, -9933.530090137909, 
16.686876675769135, -9865.490968621687, -9866.979377429336, -18814.18336652323, 
-9954.602812920892, -11988.441976383598, -9954.606014129507, -12040.348350700857, 
-18510.520784408363, -18773.668764261358, -9955.27587363593, 7.981281384702646, 
-9992.816846753758, -9992.816846753758, -9992.816846753758, 8.868090427447388, 
7.981281384702646, -9992.01871861529, 7.981281384702646, 9.853433808274882, 
-9991.131909572545, -9991.131909572545, 8.868090427447388, 10.948259786972102, 
-9965.111886203376, -9990.146566191717, 9.853433808274882, 12.164733096635679, 
-9968.600697583053, -9989.05174021302, 10.948259786972102, 13.516370107372985, 
-9971.740627824733, -9987.835266903356, 12.164733096635679, 15.018189008192213, 
-9983.313123324238, -9986.48362989262, 13.516370107372985, 16.686876675769135, 
18.540974084187944, -9984.9818109918, 15.018189008192213, -9984.981810991801, 
-9937.015927438488, -18667.70066916127, 16.686876675769135, -9965.050791312446, 
-10781.91838321441, -9895.925219825382, -12046.541169095106, -9895.928374270226, 
-9966.233617379292, 7.981281384702646, -18441.968921068932, 7.9402600265474605, 
7.1796299051752115, 8.868090427447388, -9988.721748741802, -9971.21574344497, 
-9960.569952492515, 9.853433808274882, 7.918798553566568, -9927.706538683564, 
38.76457088513021, 10.939676776049913, -9912.65828027051, -9962.981185225923, 
34.88811379661716, 12.163222105186264, -9937.832022882038, -9852.484617080861, 
31.39930241695543, 13.46000491787726, -9917.279819689116, -9961.179667715354, 
-9970.981715543963, 15.018189008192213, -9971.626752602777, 18.540974084187944, 
20.6010823157644, 16.686876675769135, -9983.313123324238, -9983.313123324224, 
-9903.088704235563, -9933.529624899302, 18.540974084187944, -9952.940856010402, 
-5866.311431643179, -6951.024511066626, -5851.934876859861, -6123.025442198596, 
-3438.826477388108, -1899.9738794177954, -3500.0945628143145, 7.174487525582942, 
2.1002910783662783, 7.9812813847020525, -9199.510485181432, -8990.879955615908, 
-7153.59971947441, -6120.720547439676, 4.404491291840344, 38.76457088512974, 
43.071745427922494, -9965.111839735491, -9965.111884042815, 34.888113613294195, 
38.76382058258757, -9968.203039832142, 38.76457088513021, 31.396646041949943, 
34.88811379661716, -9971.736714375023, 34.88805078135144, -9971.737775933874, 
-9958.043002267068, -9973.787687647497, 31.39930241695543, 20.483330591119017, 
22.890091461960466, 18.540974084187944, -9971.740627824733, -9981.459025915803, 
-9949.02911954834, -9835.781361788115, 20.6010823157644, -9884.681227609331, 
-2709.9266623074764, -3333.1738640623616, -2970.0325456681544, -2709.9246927405234, 
1.5570728471731676, 0.007251484656884278, -999.9561997584628, 0.017560990350705075, 
3.04777954651081, 7.183152117450061, -8648.887707095942, -8887.630332918487, 
-9793.567855008932, -9857.796336120357, 6.426635844932734, 43.071745427922494, 
47.85749491991392, 38.76457088513021, -9961.235429114877, 38.76457088513021, 
-9956.92825457207, 34.88811379661716, 43.071745427922494, 34.88811379661716, 
31.39930241695543, 31.39930241695543, 38.76457088513021, -9968.600697583053, 
28.25937217525987, -9971.73466523106, 34.88811379661716, 22.890091461960466, 
25.433434957733866, 20.6010823157644, -9968.600697583053, -9979.398917684226, 
-9943.373425529937, -9917.950848959423, 22.890091461960466, -9777.060988712914, 
-999.9693913185306, -999.9206050055219, -999.9456869606308, 0.2505043491354295, 
0.0053142822545897295, -6125.756885377083, -7941.029367384395, 4.220147220232355, 
1.1775455336085872, 6.464710257796548, 0.12816445511151253, -9102.004987364602, 
-9924.893586723249, -9736.978813876533, 5.5411572249845396, 47.85749491991392, 
53.174994355459944, 43.071745427922494, -9956.92825457207, -9956.92825457207, 
-9940.90660567116, 38.76433528493965, 47.85749491991392, 31.399259642000278, 
-9934.35185882041, 34.88811379661716, -9956.92825457207, 28.25937217525987, 
-9927.057620911586, -9968.600697583053, 31.39930241695543, 25.433434957733866, 
-9918.952912123968, 22.890091461960466, 28.25937217525987, -9977.10990853803, 
-17622.00792439183, -9969.87307539615, 25.433434957733866, -9880.378415357767, 
-999.9489956123429, -999.9764458014406, -999.9491749955448, 0.11678204757873317, 
0.005345970775756173, 0.3311950136992646, -8499.03622179324, 4.378012964511604, 
-8490.252121935308, 5.796549214357547, 0.005397094416806115, -7175.637732263664, 
52.659415563274464, -9893.609862788999, 4.7096655563357, 53.174994355459944, 
59.0833270616222, 47.85749491991392, -9952.142505080079, -9940.916672938369, 
65.64814117958025, -9953.24805757153, 53.15314561765141, -9933.19850400469, 
72.94237908842257, 31.35822149770699, -9923.068835795908, -9917.595152824593, 
81.04708787602513, 28.259372175259845, -9914.550055220347, -9910.444348527535, 
90.05231986225022, 25.187304380328463, -9849.460101913699, -17850.315976813854, 
-9541.615801509457, -9507.31547363718, -9540.890264834235, -10388.682787039785, 
0.004138976314360177, -2709.9754934251387, -999.956092509577, 0.33238949823307556, 
0.005301409836734341, 2.6392941924456506, -5695.269505806842, -6857.02808185768, 
-999.9309805922902, 0.9780791944008926, 0.04052993109800908, 52.47295048803359, 
58.06434196740751, -9865.461002154103, -9848.409889864832, 59.0833270616222, 
65.64814117958025, 53.174994355459944, 53.174994355459944, 65.64814117958025, 
72.94237908842257, -9940.916672938369, 59.0833270616222, 72.94237908842257, 
81.04708787602513, -9934.35185882041, 65.64814117958025, 81.04708787602513, 
90.05231986225022, -9927.057620911586, 72.94237908842257, 90.05231986225022, 
100.05813318027808, -9902.952256059596, 80.47427524002813, -9915.799030869617, 
-4087.710179370316, -7550.875832438264, 90.04798076468812, -1885.275153987195, 
-999.9500500946075, -999.9552542368143, -999.9798995304083, 0.015697612389637586, 
-5216.963011901065, 1.2823390794260703, -4095.0533116235983, -4685.5462262565725, 
-1899.9094263106103, -1895.3406653690745, 0.5040430164349781, 0.008353915457060634, 
-9531.79532266846, 48.9349622696374, -9353.706027097465, 65.64814117958025, 
-9940.916672938369, 59.0833270616222, 59.0833270616222, 72.94237908842257, 
-9934.351858820413, 65.64814117958025, 65.64814117958025, 81.04708787602513, 
-9927.057620911586, 72.94237908842257, 72.94237908842257, 90.05231986225022, 
-9918.952912123983, 81.04708787602513, 81.04708787602513, 100.05813318027808, 
0.06332247900183902, 0.05019862692437448, 0.06338555274190334, 0.06459242253127916, 
0.07009731834451094, -999.3909428832852, 41.014123570977844, 0.0030888251527119385, 
-999.9166045798477, -999.9637989010076, -999.9084913617897, 0.024212331147504863, 
-999.9042331425469, 0.03794867708192037, 0.024856734668579895, 0.00994784304130304, 
-999.9122993428368, -999.9359239159396, -999.9163460044329, -994.7319505841264, 
-999.9379707061726, 58.70284087434794, -999.9544322487935, -1893.897210768207, 
-8284.140401541332, 65.64814117958025, -9430.950951518438, -8848.139277195505, 
-9593.305794395586, 72.94237908842257, -9299.227499101555, -9620.299112095563, 
-9820.192972733843, 81.04708787602513, -9711.138453436928, -9862.204082036173, 
-9832.538798245523, 90.05231986225022, -9911.144101271046, -9899.239617883964, 
-1897.551570736849, 99.87832964987558, -2694.5430967162542, -2799.356858504214, 
-999.9278598122969, -999.9120254558857, -1885.0125068796488, -999.9531277618167, 
